     0/199     2.04G             4.31             15.6              2.3             22.2              125               64                0                0         0         0  4.27e-05         0      4.52      8.22       1.5         0      14.2
     1/199     1.34G             4.15              9.6             1.71             15.5              125               64                0                0  0.000342  0.000591  0.000149  0.000433      4.15      6.79      1.35         0      12.3
     2/199     1.34G              3.9             8.62             1.58             14.1              142               64                0                0   0.00682    0.0157  0.000758   0.00935      3.95      5.89      1.18         0        11
     3/199     1.34G             3.68             7.94             1.81             13.4              115               64                0                0   0.00979    0.0197    0.0012    0.0129      3.57      5.51      1.06         0      10.1
     4/199     1.34G              3.7             7.54             1.48             12.7              108               64                0                0    0.0133    0.0178   0.00312    0.0152      3.63      5.17      1.04         0      9.84
     5/199     1.34G             3.65             7.22             1.26             12.1              135               64                0                0    0.0107    0.0206   0.00276     0.014      3.41      4.99      1.02         0      9.42
     6/199     1.34G              3.4             6.63             1.37             11.4              141               64                0                0    0.0174    0.0257   0.00252    0.0205      3.45      4.66     0.915         0      9.02
     7/199     1.34G              3.2              6.4             1.09             10.7              116               64                0                0    0.0174     0.027   0.00303    0.0208      3.21      4.46     0.863         0      8.54
     8/199     1.34G             3.24             6.04              1.1             10.4              135               64                0                0      0.02    0.0329   0.00366     0.024      3.24      4.28     0.826         0      8.34
     9/199     1.34G             3.16             5.88             1.08             10.1              125               64                0                0    0.0172    0.0233   0.00233    0.0195      3.39      4.01     0.826         0      8.22
    10/199     1.34G             3.29             5.72             1.04               10              144               64                0                0    0.0217    0.0304   0.00324    0.0246      3.35      3.91     0.837         0      8.11
    11/199     1.34G             3.19              5.3             1.15             9.64              141               64                0                0     0.018    0.0232   0.00201    0.0196      3.25      3.69     0.771         0       7.7
    12/199     1.34G             2.87             5.17                1             9.04              148               64                0                0    0.0189    0.0256   0.00252    0.0213      3.15      3.53     0.859         0      7.54
    13/199     1.34G             3.14             5.13             1.01             9.28              140               64                0                0    0.0232    0.0284   0.00332    0.0242      3.11      3.59     0.792         0      7.49
    14/199     1.34G             3.04             5.25            0.952             9.24              155               64                0                0    0.0244    0.0342   0.00365    0.0275      3.08       3.6     0.811         0      7.49
    15/199     1.34G             3.02              5.1            0.941             9.07              107               64                0                0    0.0235    0.0254   0.00329    0.0238      3.12      3.55     0.824         0      7.49
    16/199     1.34G             2.79             5.08            0.991             8.86              133               64                0                0    0.0232    0.0273   0.00286    0.0245       3.1      3.56     0.845         0       7.5
    17/199     1.34G             2.88             5.01            0.933             8.83              131               64                0                0    0.0246    0.0258   0.00303    0.0248      3.25       3.5     0.903         0      7.65
    18/199     1.34G             2.81             5.09            0.926             8.83              131               64                0                0    0.0298    0.0315    0.0042    0.0295      3.05      3.56     0.761         0      7.38
    19/199     1.34G             2.87             4.92            0.877             8.67              145               64                0                0    0.0311    0.0358   0.00432    0.0322      3.07      3.55     0.766         0      7.39
    20/199     1.34G             2.96             4.91             1.21             9.07              122               64                0                0    0.0261    0.0337   0.00432    0.0277         3      3.57     0.747         0      7.32
    21/199     1.34G             2.89             4.95             0.93             8.76              138               64                0                0    0.0294     0.032   0.00438    0.0298      2.95      3.54     0.825         0      7.32
    22/199     1.34G             2.82                5            0.885              8.7              113               64                0                0    0.0297     0.034   0.00477    0.0303       2.9      3.62     0.836         0      7.35
    23/199     1.34G             2.82             4.97            0.896             8.69              139               64                0                0    0.0342    0.0403   0.00551    0.0363      2.91      3.66      0.82         0      7.39
    24/199     1.34G              2.8                5            0.825             8.62              135               64                0                0    0.0337    0.0393   0.00515    0.0352      2.97       3.6     0.778         0      7.34
    25/199     1.34G             2.81             4.83            0.913             8.55              109               64                0                0    0.0254     0.027   0.00345    0.0251      2.99      3.56     0.779         0      7.33
    26/199     1.34G             2.65             4.96            0.827             8.44              127               64                0                0    0.0334    0.0419   0.00617    0.0354      2.91      3.62     0.753         0      7.29
    27/199     1.34G             3.02             4.74            0.823             8.58              150               64                0                0    0.0314    0.0382   0.00474     0.033       2.9      3.62     0.762         0      7.28
    28/199     1.34G             2.69             4.94            0.837             8.47              118               64                0                0    0.0315    0.0357   0.00466    0.0327       2.9       3.6     0.791         0      7.29
    29/199     1.34G              2.8             4.99            0.993             8.78              130               64                0                0    0.0287    0.0366   0.00442     0.031      2.93      3.57     0.734         0      7.23
    30/199     1.34G             2.74             4.87             1.33             8.95              128               64                0                0    0.0288    0.0366   0.00389    0.0313      2.98      3.58     0.725         0      7.28
    31/199     1.34G             2.81             4.89             1.41             9.11              130               64                0                0    0.0295    0.0352   0.00376     0.031      2.98       3.6     0.749         0      7.32
    32/199     1.34G             2.66             4.83             1.01             8.49              125               64                0                0    0.0306    0.0391    0.0047     0.033      2.93      3.54     0.731         0       7.2
    33/199     1.34G             2.63             4.81             0.86              8.3              127               64                0                0    0.0276    0.0361   0.00487    0.0303      2.94      3.61     0.725         0      7.28
    34/199     1.34G              2.8             4.87            0.794             8.46              148               64                0                0    0.0281    0.0372   0.00481    0.0312      2.99      3.57     0.732         0       7.3
    35/199     1.34G             2.55             4.91            0.829             8.28              127               64                0                0    0.0316    0.0378   0.00437    0.0333      2.97      3.57     0.759         0       7.3
    36/199     1.34G             2.63             4.83            0.787             8.25              119               64                0                0    0.0277    0.0329   0.00357    0.0294         3      3.59      0.74         0      7.33
    37/199     1.34G             2.82             4.71            0.838             8.37              147               64                0                0    0.0322    0.0409   0.00595    0.0354      2.92      3.63     0.732         0      7.28
    38/199     1.34G             2.62             4.91            0.821             8.35              121               64                0                0    0.0321    0.0355   0.00494    0.0327      3.03      3.53     0.726         0      7.29
    39/199     1.34G             2.74             4.88            0.824             8.44              139               64                0                0    0.0295    0.0376   0.00409    0.0323      2.97      3.59     0.753         0      7.31
    40/199     1.34G             2.53             4.68            0.812             8.02              131               64                0                0    0.0314    0.0368    0.0049    0.0331      2.95      3.56     0.742         0      7.25
    41/199     1.34G             2.71             4.73             0.83             8.26              152               64                0                0    0.0322    0.0398   0.00533    0.0348      2.96      3.65     0.728         0      7.33
    42/199     1.34G             2.68             4.69            0.769             8.13              142               64                0                0    0.0312    0.0369   0.00462    0.0333      2.99      3.59     0.799         0      7.38
    43/199     1.34G              2.8             4.75            0.942              8.5              143               64                0                0    0.0308    0.0407   0.00461    0.0343      2.88      3.61     0.792         0      7.28
    44/199     1.34G             2.61             4.73            0.804             8.14              115               64                0                0    0.0298    0.0372   0.00434    0.0324      2.92      3.61     0.803         0      7.34
    45/199     1.34G             2.58             4.73            0.775             8.09              105               64                0                0    0.0291    0.0388   0.00456    0.0327       2.9      3.64     0.771         0      7.31
    46/199     1.34G             2.81             4.73             0.76              8.3              106               64                0                0    0.0344    0.0401   0.00529     0.036      2.89      3.57     0.773         0      7.24
    47/199     1.34G             2.56             4.73             0.71             8.01              141               64                0                0    0.0357    0.0413   0.00566    0.0372       2.9      3.63     0.727         0      7.26
    48/199     1.34G              2.5             4.68            0.743             7.93              114               64                0                0    0.0316     0.038   0.00548    0.0337      2.86       3.7      0.74         0       7.3
    49/199     1.34G             2.89             4.62            0.737             8.25               79               64                0                0    0.0347    0.0411   0.00564    0.0367      2.91      3.62     0.733         0      7.26
    50/199     1.34G             2.64             4.58             1.07             8.29              138               64                0                0     0.034     0.042   0.00648    0.0367      2.95      3.65     0.751         0      7.35
    51/199     1.34G             2.42             4.66            0.793             7.87              112               64                0                0    0.0301    0.0362   0.00503    0.0318      2.92      3.61     0.739         0      7.27
    52/199     1.34G             2.51             4.62            0.755             7.88              120               64                0                0    0.0318    0.0385   0.00561    0.0339      2.87      3.65     0.752         0      7.27
    53/199     1.34G             2.48              4.7            0.949             8.13              107               64                0                0    0.0322    0.0373   0.00572    0.0337      2.82      3.63      0.73         0      7.18
    54/199     1.34G             2.53             4.67            0.762             7.96              127               64                0                0    0.0328    0.0379   0.00484     0.034      2.94      3.62     0.736         0       7.3
    55/199     1.34G             2.53             4.59             0.72             7.83              132               64                0                0    0.0369    0.0406   0.00507    0.0375      2.86      3.63     0.701         0      7.19
    56/199     1.34G              2.6             4.55            0.749              7.9              130               64                0                0    0.0336    0.0414   0.00549    0.0363      2.86      3.61     0.742         0      7.21
    57/199     1.34G              2.7             4.61            0.733             8.04              117               64                0                0    0.0324    0.0404    0.0055    0.0352      2.85       3.6      0.72         0      7.17
    58/199     1.34G             2.53             4.64            0.744             7.92              163               64                0                0    0.0352     0.044   0.00527    0.0378      2.85      3.65      0.72         0      7.22
    59/199     1.34G             2.46             4.62            0.697             7.78              125               64                0                0    0.0336    0.0395   0.00531    0.0353      2.86      3.62     0.765         0      7.25
    60/199     1.34G              2.6             4.58            0.703             7.88              125               64                0                0    0.0321    0.0372    0.0047    0.0337      2.85      3.68     0.742         0      7.27
    61/199     1.34G             2.52             4.64            0.698             7.86              128               64                0                0     0.034    0.0425   0.00571    0.0371      2.86      3.68     0.729         0      7.27
    62/199     1.34G             2.37             4.58            0.719             7.66              139               64                0                0    0.0309     0.042   0.00449    0.0348      2.83      3.68      0.76         0      7.27
    63/199     1.34G             2.54             4.57            0.722             7.83              122               64                0                0    0.0312    0.0367   0.00366    0.0326       2.8      3.66      0.72         0      7.18
    64/199     1.34G             2.58             4.48             1.48             8.54              126               64                0                0    0.0349    0.0417   0.00631    0.0369       2.8      3.65     0.771         0      7.22
    65/199     1.34G             2.56             4.55            0.831             7.95              130               64                0                0    0.0376    0.0444   0.00786    0.0402      2.85      3.64     0.785         0      7.28
    66/199     1.34G             2.54             4.58              0.7             7.82              120               64                0                0    0.0327    0.0383   0.00477    0.0346      2.78      3.65     0.817         0      7.25
    67/199     1.34G             2.55             4.49            0.697             7.74              128               64                0                0    0.0342    0.0424   0.00525    0.0371      2.82      3.67     0.753         0      7.24
    68/199     1.34G             2.46             4.53            0.689             7.68              128               64                0                0     0.037    0.0412   0.00658    0.0382      2.83      3.69     0.754         0      7.27
    69/199     1.34G             2.45             4.54            0.731             7.72              146               64                0                0    0.0329    0.0424   0.00562    0.0361      2.85      3.67     0.739         0      7.27
    70/199     1.34G             2.39             4.43            0.686             7.51              123               64                0                0    0.0342    0.0438   0.00581    0.0375      2.82      3.66     0.732         0      7.21
    71/199     1.34G             2.41             4.59            0.639             7.64              144               64                0                0    0.0314    0.0394   0.00479    0.0341      2.83      3.61     0.733         0      7.17
    72/199     1.34G             2.31             4.53            0.619             7.47              144               64                0                0    0.0346    0.0394   0.00549     0.036      2.82       3.7     0.752         0      7.27
    73/199     1.34G             2.39             4.49            0.634             7.51              114               64                0                0     0.032     0.038   0.00586    0.0341      2.83      3.71     0.781         0      7.32
    74/199     1.34G             2.55             4.49            0.607             7.65              141               64                0                0    0.0343    0.0401   0.00611    0.0358      2.84       3.7     0.724         0      7.26
    75/199     1.34G             2.34             4.49            0.632             7.47              133               64                0                0    0.0364    0.0411   0.00641    0.0374      2.88      3.67     0.733         0      7.28
    76/199     1.34G              2.5             4.47            0.642             7.61              146               64                0                0     0.035    0.0404   0.00602    0.0368      2.85      3.65     0.774         0      7.27
    77/199     1.34G             2.54             4.55            0.612              7.7              139               64                0                0    0.0345    0.0447   0.00616    0.0378      2.83      3.69     0.718         0      7.24
    78/199     1.34G             2.39             4.43            0.632             7.45              138               64                0                0    0.0329    0.0405   0.00488    0.0354      2.78       3.7     0.701         0      7.18
    79/199     1.34G             2.41              4.4            0.569             7.37              160               64                0                0    0.0356    0.0443   0.00741    0.0384       2.8      3.72     0.719         0      7.24
    80/199     1.34G             2.63             4.39             0.55             7.57               99               64                0                0    0.0342    0.0417   0.00506    0.0367      2.77      3.67     0.718         0      7.16
    81/199     1.34G             2.32             4.43            0.621             7.38               93               64                0                0    0.0348    0.0433   0.00565     0.038      2.84      3.71      0.77         0      7.32
    82/199     1.34G             2.28             4.46            0.608             7.35              144               64                0                0    0.0347    0.0408   0.00491    0.0367       2.8      3.69      0.74         0      7.23
    83/199     1.34G             2.37             4.37            0.623             7.36              128               64                0                0    0.0338    0.0422   0.00514    0.0368       2.8       3.7     0.781         0      7.29
    84/199     1.34G             2.36             4.46            0.615             7.44              143               64                0                0    0.0346    0.0422   0.00525    0.0376      2.78       3.7     0.817         0       7.3
    85/199     1.34G             2.28             4.54            0.571              7.4              151               64                0                0    0.0343    0.0433   0.00565    0.0371      2.83      3.68     0.759         0      7.27
    86/199     1.34G             2.25             4.45            0.553             7.26              150               64                0                0    0.0342     0.042   0.00626    0.0366      2.78      3.66     0.718         0      7.16
    87/199     1.34G             2.47             4.41            0.575             7.46              148               64                0                0    0.0318    0.0398   0.00468    0.0344      2.76      3.76     0.774         0      7.29
    88/199     1.34G              2.4             4.28            0.567             7.24              128               64                0                0    0.0299    0.0359   0.00417    0.0321      2.75      3.72      0.79         0      7.27
    89/199     1.34G             2.36             4.41            0.543             7.32              128               64                0                0    0.0342    0.0412   0.00651    0.0364      2.79       3.7     0.819         0      7.31
    90/199     1.34G             2.32             4.29            0.544             7.15              136               64                0                0    0.0337    0.0416    0.0063    0.0363      2.77      3.68     0.782         0      7.23
    91/199     1.34G             2.52             4.39            0.537             7.45              120               64                0                0    0.0352    0.0431   0.00652    0.0381      2.78      3.72     0.807         0       7.3
    92/199     1.34G              2.6             4.28            0.546             7.43              144               64                0                0    0.0348    0.0388   0.00617    0.0361       2.8      3.68     0.846         0      7.32
    93/199     1.34G             2.42             4.31             0.58             7.32              132               64                0                0    0.0362    0.0423   0.00669    0.0383      2.82      3.67     0.797         0      7.29
    94/199     1.34G             2.37             4.39            0.561             7.31              109               64                0                0      0.04    0.0458   0.00691    0.0418      2.77      3.75     0.763         0      7.28
    95/199     1.34G             2.41              4.4            0.539             7.35              120               64                0                0    0.0333    0.0424   0.00778    0.0364       2.8      3.68     0.791         0      7.28
    96/199     1.34G             2.24             4.32            0.515             7.08              125               64                0                0    0.0358    0.0451   0.00638    0.0392      2.79      3.74     0.842         0      7.37
    97/199     1.34G             2.47             4.28             0.56             7.31              160               64                0                0    0.0362    0.0436   0.00719    0.0386      2.77      3.72     0.793         0      7.28
    98/199     1.34G             2.25             4.46              0.5             7.21              130               64                0                0     0.036    0.0441   0.00652    0.0386      2.72       3.8     0.751         0      7.27
    99/199     1.34G             2.36             4.38            0.531             7.27              130               64                0                0    0.0335    0.0431   0.00766    0.0369       2.8      3.81     0.843         0      7.46
   100/199     1.34G             2.31             4.31            0.523             7.15              153               64                0                0    0.0367    0.0396   0.00793    0.0376      2.75      3.86     0.879         0      7.49
   101/199     1.34G             2.24             4.34            0.516              7.1              120               64                0                0     0.034    0.0396   0.00696    0.0358      2.74      3.72      0.85         0      7.31
   102/199     1.34G             2.27             4.33            0.502              7.1              130               64                0                0    0.0366    0.0447    0.0063    0.0392      2.75      3.75     0.774         0      7.27
   103/199     1.34G             2.55             4.26            0.591              7.4              116               64                0                0     0.035    0.0411   0.00646    0.0367      2.74      3.79     0.791         0      7.32
   104/199     1.34G              2.4             4.28            0.539             7.23              138               64                0                0    0.0333    0.0413   0.00764     0.036       2.8      3.73     0.788         0      7.32
   105/199     1.34G             2.14             4.31            0.529             6.97              138               64                0                0    0.0341    0.0424    0.0057    0.0372      2.71      3.73     0.825         0      7.26
   106/199     1.34G             2.37             4.27            0.454              7.1              129               64                0                0    0.0361    0.0406   0.00586    0.0374      2.73      3.78     0.889         0      7.41
   107/199     1.34G             2.33              4.2            0.508             7.04              142               64                0                0    0.0354    0.0395   0.00607    0.0366      2.73      3.78     0.889         0       7.4
   108/199     1.34G             2.28             4.28            0.485             7.05              158               64                0                0    0.0331    0.0377   0.00483    0.0344      2.76       3.8       0.9         0      7.45
   109/199     1.34G             2.27             4.22            0.478             6.97              138               64                0                0    0.0377     0.043   0.00683    0.0392      2.72      3.76      0.85         0      7.33
   110/199     1.34G             2.24              4.3             0.52             7.06              135               64                0                0    0.0335     0.041   0.00535    0.0361      2.73      3.78     0.805         0      7.31
   111/199     1.34G             2.24             4.18             0.47              6.9              143               64                0                0    0.0352    0.0397   0.00591    0.0367      2.69      3.81     0.801         0       7.3
   112/199     1.34G             2.34             4.21            0.446                7              145               64                0                0    0.0355    0.0422   0.00653    0.0379       2.7      3.77      0.79         0      7.25
   113/199     1.34G             2.18             4.17            0.485             6.83               98               64                0                0     0.036    0.0412   0.00693    0.0375      2.72      3.78     0.763         0      7.27
   114/199     1.34G             2.19             4.24            0.443             6.88              116               64                0                0    0.0363    0.0412   0.00749    0.0378      2.71      3.79      0.81         0      7.31
   115/199     1.34G             2.33             4.25            0.542             7.12              144               64                0                0    0.0339    0.0414   0.00626    0.0365      2.75      3.86      0.85         0      7.46
   116/199     1.34G             2.27             4.11            0.489             6.87              128               64                0                0     0.035    0.0418   0.00685    0.0373      2.74      3.78      0.85         0      7.37
   117/199     1.34G             2.24             4.13             0.51             6.88              140               64                0                0    0.0352      0.04   0.00554     0.036      2.69      3.75     0.871         0      7.31
   118/199     1.34G             2.38             4.27            0.472             7.12              124               64                0                0    0.0384    0.0429   0.00659    0.0395      2.72      3.78     0.881         0      7.39
   119/199     1.34G             2.24             4.21             0.46             6.91              131               64                0                0    0.0362    0.0442   0.00698    0.0385      2.74      3.77     0.819         0      7.33
   120/199     1.34G             2.26             4.23            0.442             6.94              120               64                0                0    0.0331    0.0402   0.00697    0.0356      2.67      3.79     0.839         0       7.3
   121/199     1.34G             2.34             4.17            0.478             6.99              119               64                0                0    0.0344    0.0409   0.00719    0.0366      2.67      3.76     0.819         0      7.24
   122/199     1.34G             2.13             4.14            0.442             6.71              135               64                0                0    0.0379    0.0443   0.00861      0.04      2.74      3.83     0.795         0      7.36
   123/299     1.57G              5.8             4.51             5.28             15.6               80              128                0                0    0.0907     0.165    0.0426     0.115      5.18      2.83       2.5         0      10.5
   124/299     1.57G             5.48             4.25             3.58             13.3               98              128                0                0    0.0931     0.174    0.0476     0.118      5.13      2.73      1.25         0      9.11
   125/299     1.57G              5.3             4.13              2.2             11.6               66              128                0                0    0.0934     0.183    0.0491     0.122      5.11      2.71      1.37         0      9.19
   126/299     1.57G             5.57             4.07              1.8             11.4               97              128                0                0    0.0978     0.185    0.0507     0.126      5.07      2.69      1.24         0         9
   127/299     1.57G             5.55             3.96             1.53               11               82              128                0                0    0.0954     0.185    0.0491     0.124      5.06      2.67      1.07         0      8.79
   128/299     1.57G              5.4             4.01             1.37             10.8               57              128                0                0       0.1     0.185    0.0516     0.128      5.04      2.67      1.07         0      8.78
   129/299     1.57G             5.39             3.98             1.36             10.7               93              128                0                0    0.0962      0.19    0.0525     0.125      5.04      2.66     0.921         0      8.62
   130/299     1.57G             5.54             3.95             1.31             10.8               83              128                0                0    0.0951     0.186     0.048     0.124      5.03      2.67      1.16         0      8.85
   131/299     1.57G             5.38             3.95             1.21             10.5               92              128                0                0    0.0993     0.189    0.0512     0.128         5      2.66      1.03         0      8.69
   132/299     1.57G             5.48             3.91             1.21             10.6               81              128                0                0    0.0968     0.187    0.0493     0.126         5      2.66       1.2         0      8.86
   133/299     1.57G              5.3             3.86             1.27             10.4               56              128                0                0    0.0951     0.194    0.0515     0.126         5      2.66      1.34         0         9
   134/299     1.57G             5.25              3.8             1.28             10.3               86              128                0                0     0.101     0.193    0.0534     0.131      4.98      2.64      1.08         0      8.69
   135/299     1.57G             5.27             3.86              1.1             10.2               72              128                0                0    0.0985     0.197    0.0531     0.129      4.99      2.67      1.17         0      8.82
   136/299     1.57G             5.41             3.74             1.04             10.2               81              128                0                0     0.103     0.189    0.0521     0.132      4.97      2.64      1.07         0      8.69
   137/299     1.57G             5.38             3.82             1.09             10.3               77              128                0                0       0.1     0.198    0.0507     0.131      4.96      2.64      1.07         0      8.67
   138/299     1.57G              5.3             3.77                1             10.1               86              128                0                0    0.0968     0.192    0.0523     0.127      4.97      2.65     0.979         0       8.6
   139/299     1.57G              5.2             3.78            0.993             9.97               94              128                0                0    0.0998     0.196     0.051     0.129      4.97      2.67     0.872         0      8.51
   140/299     1.57G              5.2             3.76            0.857             9.82               80              128                0                0     0.101     0.191     0.051      0.13      4.97      2.65     0.993         0      8.61
   141/299     1.57G              5.2             3.68            0.979             9.86               82              128                0                0     0.106     0.192    0.0559     0.134      4.96      2.64     0.979         0      8.58
   142/299     1.57G             5.16             3.72             1.09             9.96               88              128                0                0     0.101     0.186    0.0529     0.129      4.96      2.65     0.936         0      8.54
   143/299     1.57G             5.02             3.68            0.997              9.7               64              128                0                0     0.105     0.194    0.0581     0.135      4.95      2.65      1.02         0      8.62
   144/299     1.57G             5.25             3.66            0.993              9.9               86              128                0                0     0.104     0.185    0.0515     0.132      4.95      2.66      1.08         0      8.69
   145/299     1.57G             5.36             3.66            0.954             9.97               79              128                0                0     0.103      0.19    0.0522     0.133      4.93      2.65      1.02         0       8.6
   146/299     1.57G             5.15             3.67            0.913             9.73               91              128                0                0     0.102     0.191    0.0532     0.131      4.94      2.67      1.17         0      8.78
   147/299     1.57G             5.26             3.63            0.964             9.85               89              128                0                0     0.107     0.191    0.0545     0.136      4.95      2.66      1.06         0      8.67
   148/299     1.57G             5.19              3.6            0.961             9.75              107              128                0                0     0.107     0.191    0.0536     0.135      4.95      2.67     0.945         0      8.57
   149/299     1.57G             5.18             3.62            0.927             9.72               88              128                0                0     0.104     0.193    0.0513     0.134      4.95      2.65      1.33         0      8.93
   150/299     1.57G             5.17             3.67            0.918             9.76               77              128                0                0     0.102     0.197    0.0551     0.133      4.94      2.65      1.05         0      8.64
   151/299     1.57G             5.22             3.63            0.983             9.84              125              128                0                0       0.1     0.195    0.0521     0.131      4.93      2.66      1.15         0      8.73
   152/299     1.57G              5.3             3.56            0.964             9.83              103              128                0                0     0.104     0.195    0.0618     0.134      4.93      2.69     0.912         0      8.53
   153/299     1.57G              5.2             3.58             1.06             9.83              104              128                0                0     0.106     0.194    0.0516     0.135      4.94      2.66      1.11         0      8.71
   154/299     1.57G              5.1             3.64            0.927             9.66               62              128                0                0     0.107     0.198    0.0565     0.137      4.94      2.66      1.43         0      9.03
   155/299     1.57G             5.08             3.47            0.914             9.46              109              128                0                0     0.101      0.19    0.0499      0.13      4.94      2.68      1.19         0       8.8
   156/299     1.57G             5.06             3.56            0.827             9.45               63              128                0                0     0.106     0.197    0.0561     0.136      4.94      2.72      1.27         0      8.93
   157/299     1.57G             5.11             3.53            0.814             9.46               72              128                0                0     0.105     0.196     0.057     0.134      4.92       2.7      1.16         0      8.78
   158/299     1.57G             5.19             3.41            0.779             9.38               91              128                0                0     0.108     0.193    0.0552     0.136      4.92      2.67      1.03         0      8.63
   159/299     1.57G             5.09             3.47            0.809             9.37               91              128                0                0     0.107     0.195    0.0546     0.136      4.93       2.7      1.03         0      8.66
   160/299     1.57G             4.94              3.5            0.768             9.21              104              128                0                0     0.105     0.198    0.0539     0.136      4.93      2.72      1.26         0      8.92
   161/299     1.57G             5.11              3.4            0.775             9.29               84              128                0                0     0.103      0.19    0.0535     0.132      4.92       2.7     0.989         0       8.6
   162/299     1.57G             5.19             3.48            0.725              9.4              101              128                0                0      0.11     0.205    0.0606     0.142      4.92       2.7      1.11         0      8.73
   163/299     1.57G             5.11             3.46            0.829              9.4              109              128                0                0     0.104     0.196    0.0516     0.134      4.92      2.67     0.998         0      8.59
   164/299     1.57G             5.14             3.45            0.708              9.3               79              128                0                0     0.107     0.193     0.058     0.135      4.92      2.71      1.01         0      8.64
   165/299     1.57G             5.02             3.49            0.785             9.29               66              128                0                0     0.102     0.193     0.054     0.131      4.92      2.72      1.14         0      8.77
   166/299     1.57G             5.08              3.4            0.748             9.23               88              128                0                0     0.101     0.193     0.054      0.13      4.91      2.72      1.23         0      8.85
   167/299     1.57G             5.05             3.39            0.762              9.2               92              128                0                0     0.105      0.19    0.0515     0.134      4.93      2.72      1.18         0      8.83
   168/299     1.57G             5.07             3.43            0.746             9.24              102              128                0                0     0.105     0.188    0.0502     0.133      4.92      2.72      1.17         0      8.82
   169/299     1.57G             5.08             3.36            0.773             9.21               95              128                0                0     0.105      0.19    0.0513     0.134      4.91      2.72      1.37         0         9
   170/299     1.57G             5.15             3.38            0.729             9.26               77              128                0                0     0.105     0.192    0.0537     0.134      4.93      2.72      1.23         0      8.87
   171/299     1.57G             4.96             3.38            0.735             9.08               79              128                0                0     0.107     0.188    0.0534     0.135       4.9      2.73       1.3         0      8.93
   172/299     1.57G             4.97             3.38            0.776             9.12               97              128                0                0     0.103      0.19    0.0523     0.132      4.91       2.7      1.23         0      8.85
   173/299     1.57G             5.11             3.32            0.809             9.24               87              128                0                0     0.105     0.196    0.0563     0.135      4.91      2.74      1.14         0      8.79
   174/299     1.57G             5.12             3.39            0.762             9.27               97              128                0                0     0.103     0.194    0.0543     0.133      4.92      2.75       1.4         0      9.06
   175/299     1.57G             4.98              3.3            0.683             8.96               67              128                0                0     0.109     0.197    0.0511     0.138      4.92      2.71       1.2         0      8.83
   176/299     1.57G             5.15             3.39            0.787             9.32               87              128                0                0     0.109     0.197     0.057     0.139      4.93      2.72      1.09         0      8.73
   177/299     1.57G             5.04              3.3            0.688             9.03               82              128                0                0     0.108     0.198     0.054     0.138      4.92      2.73      1.11         0      8.76
   178/299     1.57G             4.93             3.38            0.649             8.97              120              128                0                0     0.104     0.193    0.0489     0.133      4.91      2.74      1.23         0      8.88
   179/299     1.57G             4.96             3.26            0.681              8.9               71              128                0                0     0.105     0.187     0.051     0.133      4.91      2.78      1.09         0      8.78
   180/299     1.57G             5.12             3.31             0.68             9.11               80              128                0                0     0.111     0.194    0.0521      0.14       4.9      2.71      1.09         0       8.7
   181/299     1.57G                5             3.36            0.651             9.01               88              128                0                0     0.109     0.194    0.0558     0.139      4.92      2.74      1.24         0      8.89
   182/299     1.57G              5.1             3.38            0.667             9.15               74              128                0                0     0.106     0.196    0.0519     0.135      4.92      2.74      1.18         0      8.84
   183/299     1.57G             5.07             3.26            0.662             8.99               91              128                0                0      0.11     0.192    0.0546     0.138      4.92      2.75      1.13         0      8.81
   184/299     1.57G             5.05             3.27            0.691             9.01               79              128                0                0     0.113     0.194    0.0557     0.141      4.93      2.76      1.28         0      8.97
   185/299     1.57G             5.08             3.29            0.677             9.05               54              128                0                0     0.112     0.199    0.0582     0.141      4.93      2.76      1.21         0       8.9
   186/299     1.57G             4.89             3.28            0.749             8.92               72              128                0                0      0.11     0.194    0.0548     0.139      4.91      2.75       1.2         0      8.86
   187/299     1.57G             4.99             3.31            0.655             8.96               81              128                0                0     0.113       0.2    0.0622     0.142       4.9      2.76      1.18         0      8.84
   188/299     1.57G             5.04             3.22            0.613             8.88               68              128                0                0     0.105     0.188    0.0519     0.133       4.9      2.78       1.2         0      8.88
   189/299     1.57G             5.06             3.31            0.693             9.06               66              128                0                0     0.108      0.19    0.0555     0.136      4.91      2.77      1.08         0      8.76
   190/299     1.57G             4.91              3.2            0.636             8.75              105              128                0                0     0.107     0.193     0.056     0.137      4.92      2.76      1.27         0      8.94
   191/299     1.57G             4.88             3.19            0.643             8.71               54              128                0                0     0.112     0.196    0.0573     0.141      4.92      2.76      1.18         0      8.86
   192/299     1.57G             5.04             3.23            0.678             8.95               84              128                0                0     0.109     0.196    0.0556     0.139      4.91      2.77      1.11         0      8.79
   193/299     1.57G             5.01             3.29            0.661             8.96               93              128                0                0      0.11     0.192    0.0563     0.138      4.91      2.79      1.19         0      8.88
   194/299     1.57G              4.9             3.24            0.562             8.71               84              128                0                0      0.11     0.197    0.0553     0.139       4.9      2.77      1.06         0      8.74
   195/299     1.57G             5.06             3.24            0.652             8.95               80              128                0                0     0.108     0.188    0.0514     0.136      4.91       2.8      1.21         0      8.91
   196/299     1.57G             4.92             3.15            0.578             8.65               78              128                0                0     0.106     0.189    0.0543     0.134       4.9      2.79      1.14         0      8.83
   197/299     1.57G             5.02             3.21            0.686             8.91               99              128                0                0     0.108     0.187    0.0523     0.135      4.91      2.79      1.36         0      9.05
   198/299     1.57G             4.95             3.22            0.577             8.75               76              128                0                0     0.106      0.19    0.0553     0.135      4.91      2.77      1.22         0       8.9
   199/299     1.57G             4.94             3.16            0.595             8.69               88              128                0                0     0.108     0.194    0.0613     0.138      4.91      2.77      1.22         0       8.9
   200/299     1.57G             4.88             3.23            0.676             8.79               91              128                0                0     0.108     0.192    0.0543     0.137      4.92      2.77      1.31         0         9
   201/299     1.57G             4.97             3.16            0.614             8.74               62              128                0                0     0.112      0.19    0.0548      0.14      4.91      2.78      1.15         0      8.84
   202/299     1.57G             5.01             3.18            0.622             8.82               74              128                0                0     0.109     0.193    0.0601     0.137       4.9      2.78      1.25         0      8.92
   203/299     1.57G             5.03             3.19            0.626             8.85               89              128                0                0     0.109     0.191    0.0565     0.138      4.91      2.77      1.13         0      8.81
   204/299     1.57G             4.93             3.21            0.542             8.68               83              128                0                0     0.113     0.194    0.0612     0.142       4.9       2.8      1.15         0      8.85
   205/299     1.57G             5.13             3.22             0.58             8.93               74              128                0                0      0.11      0.19    0.0536     0.137      4.91      2.77       1.1         0      8.78
   206/299     1.57G             4.97             3.17            0.585             8.73               63              128                0                0      0.11      0.19    0.0559     0.139      4.91       2.8      1.18         0      8.88
   207/299     1.57G             4.89             3.09            0.567             8.55              114              128                0                0     0.111     0.194    0.0584     0.139      4.91       2.8      1.07         0      8.79
   208/299     1.57G             4.98             3.12            0.567             8.67               82              128                0                0     0.108     0.188    0.0558     0.136      4.92       2.8      1.27         0      8.99
   209/299     1.57G             4.91             3.18             0.54             8.63               74              128                0                0     0.109      0.19    0.0585     0.138      4.91      2.83      1.16         0      8.91
   210/299     1.57G             5.08             3.16             0.63             8.87               90              128                0                0     0.111     0.191    0.0545     0.139      4.91      2.83      1.27         0      9.01
   211/299     1.57G             4.88             3.17            0.519             8.57              102              128                0                0     0.114     0.195     0.058     0.142       4.9      2.86      1.14         0      8.91
   212/299     1.57G             4.92             3.12            0.538             8.58              103              128                0                0     0.113     0.194     0.059     0.141       4.9      2.81      1.09         0       8.8
   213/299     1.57G             4.88             3.07            0.507             8.46               80              128                0                0     0.115     0.196    0.0627     0.144      4.91      2.84      1.16         0      8.91
   214/299     2.09G             5.69             2.27             1.39             9.35               44              256                0                0     0.194     0.416     0.185     0.264      5.57      1.41       1.1         0      8.07
   215/299     2.09G             5.55             2.24             1.19             8.97               42              256                0                0      0.19      0.42     0.194     0.262      5.43      1.51      1.02         0      7.97
   216/299     2.09G             5.37             2.33             1.18             8.88               41              256                0                0     0.195     0.426     0.201     0.267      5.22      1.63     0.965         0      7.81
   217/299     2.09G             5.23             2.42             1.12             8.77               47              256                0                0     0.192     0.429     0.213     0.265      5.17      1.57      0.96         0       7.7
   218/299     2.09G              5.2              2.4             1.07             8.67               33              256                0                0     0.197     0.421     0.221     0.268      5.17      1.55      0.97         0       7.7
   219/299     2.09G             5.16             2.36             1.05             8.57               35              256                0                0      0.19     0.434     0.211     0.264      5.12      1.57     0.944         0      7.63
   220/299     2.09G             5.14             2.37             1.03             8.54               25              256                0                0      0.19     0.436      0.22     0.264      5.12      1.56     0.934         0      7.61
   221/299     2.09G             5.11             2.32             1.05             8.49               42              256                0                0     0.194     0.431     0.212     0.267      5.12      1.55     0.937         0      7.61
   222/299     2.09G              5.1             2.34                1             8.44               38              256                0                0     0.194     0.435      0.22     0.268      5.09      1.55     0.918         0      7.56
   223/299     2.09G              5.1             2.31            0.954             8.37               43              256                0                0     0.188     0.434     0.215     0.262      5.08      1.56     0.935         0      7.58
   224/299     2.09G             5.07             2.29            0.951             8.31               54              256                0                0     0.188     0.435     0.212     0.262      5.09      1.56     0.905         0      7.56
   225/299     2.09G             5.07             2.28            0.993             8.35               47              256                0                0     0.187     0.426     0.193     0.259      5.08      1.55     0.913         0      7.55
   226/299     2.09G             5.05             2.26            0.936             8.24               35              256                0                0      0.19     0.434     0.212     0.264       5.1      1.55     0.948         0      7.59
   227/299     2.09G             5.04             2.25            0.946             8.24               25              256                0                0     0.195     0.432     0.226     0.269      5.07      1.54     0.932         0      7.54
   228/299     2.09G             5.05             2.25            0.924             8.23               38              256                0                0     0.184     0.437     0.209     0.259      5.08      1.55     0.894         0      7.52
   229/299     2.09G             5.01             2.25            0.925             8.18               34              256                0                0     0.189     0.437     0.227     0.263      5.07      1.54     0.932         0      7.55
   230/299     4.17G             4.94             1.53             1.18             7.65               32              448                0                0     0.262     0.526     0.315      0.35      4.84     0.871     0.855         0      6.56
   231/299     4.18G             4.87             1.48             1.04             7.39               29              448                0                0     0.254      0.53     0.294     0.343      4.82     0.859     0.811         0      6.49
   232/299     4.18G             4.87             1.44              1.1             7.41               47              448                0                0     0.258     0.526     0.297     0.346      4.81      0.85     0.831         0      6.49
   233/299     4.18G              4.8             1.45             1.02             7.28               34              448                0                0     0.254     0.531     0.302     0.344       4.8     0.845     0.789         0      6.43
   234/299     4.18G             4.82             1.43             1.06             7.32               51              448                0                0     0.256     0.533     0.277     0.346      4.81     0.843     0.792         0      6.44
   235/299     4.18G             4.81             1.44            0.988             7.24               31              448                0                0     0.249      0.54     0.289     0.341       4.8     0.842     0.775         0      6.41
   236/299     4.18G             4.82             1.42            0.993             7.24               35              448                0                0     0.255     0.537     0.298     0.346      4.78     0.839     0.812         0      6.43
   237/299     4.18G             4.78             1.43            0.975             7.18               59              448                0                0     0.256     0.542     0.302     0.348      4.77     0.838     0.786         0      6.39
   238/299     4.18G             4.79             1.38             0.98             7.16               28              448                0                0     0.253     0.536     0.293     0.343      4.76     0.836      0.79         0      6.39
   239/299     4.18G             4.75             1.43            0.931             7.11               34              448                0                0     0.261     0.548     0.313     0.353      4.77     0.837     0.788         0       6.4
   240/299     4.18G             4.76             1.41            0.938             7.11               31              448                0                0      0.25     0.545     0.294     0.343      4.75     0.836     0.784         0      6.37
   241/299     4.18G             4.76             1.42             0.92             7.09               50              448                0                0     0.256     0.545     0.317     0.348      4.77     0.834     0.807         0      6.41
   242/699     15.8G             6.33             1.63             2.81             10.8               11              448                0             0.75     0.102   0.00321    0.0119   0.00623      6.14      1.47      2.19     0.997      10.8
   243/699     15.8G             6.03             1.56             2.11             9.69               31              448                0            0.749     0.272    0.0342    0.0482    0.0539      6.01      1.43      1.87     0.997      10.3
